408
506
449
228
820
732
555
919
608
953
547
602
85
701
118
806
55
997
333
978
906
80
952
557
462
812
166
878
910
297
287
795
359
838
844
717
236
902
911
220
438
798
332
628
240
63
745
404
792
730
450
518
138
613
996
376
302
264
292
46
762
340
568
50
275
745
538
954
740
938
798
755
561
208
193
927
830
863
616
225
216
569
259
369
85
749
350
136
879
444
935
249
875
952
759
74
920
977
319
591
107
77
548
601
848
626
724
983
66
907
216
97
443
246
148
413
488
422
961
209
492
634
324
539
933
201
8
840
99
840
294
31
236
505
221
641
84
113
100
40
762
23
579
841
174
340
826
487
527
75
657
486
897
439
479
136
35
899
239
223
358
914
956
400
498
652
413
640
235
881
283
558
648
485
775
597
188
416
712
236
149
105
442
331
546
262
491
988
826
699
784
148
439
876
356
85
138
649
720
1
304
109
125
581
249
546
158
639
777
238
651
974
1000
274
657
781
644
516
765
931
638
683
831
594
570
330
51
497
664
204
290
40
503
698
727
544
921
651
566
693
194
369
599
330
786
28
248
687
714
69
488
776
51
249
888
605
857
936
860
114
703
761
567
634
269
652
901
53
164
683
761
675
553
406
559
555
376
481
388
869
984
196
841
57
764
184
63
346
234
361
452
266
444
364
939
210
173
566
858
686
493
974
637
692
165
112
679
487
390
143
961
452
691
774
731
824
463
516
896
620
793
362
334
270
892
865
930
653
371
581
522
425
769
216
372
12
439
4
429
529
575
369
451
264
197
383
787
738
822
377
935
791
968
446
375
66
761
725
480
126
259
140
179
864
564
725
420
512
396
206
730
413
920
715
998
715
868
946
61
932
342
635
528
56
821
426
379
378
375
507
178
402
18
920
870
288
562
146
135
867
289
978
732
262
605
802
743
747
36
989
340
328
122
839
639
467
219
330
836
794
668
487
394
699
939
213
897
941
647
433
11
282
634
459
647
153
450
480
152
308
847
369
468
387
664
519
416
827
710
74
145
774
530
29
389
32
826
183
416
395
150
760
259
72
193
677
150
499
331
571
934
841
155
989
498
545
778
273
783
356
947
29
236
410
510
537
896
466
124
761
374
822
12
50
994
969
188
238
110
926
499
494
526
958
859
619
570
541
397
552
841
450
205
760
81
226
564
879
669
895
467
936
424
530
693
491
774
746
46
104
802
575
336
933
274
880
476
519
383
981
397
656
880
618
400
6
261
673
855
628
57
723
133
327
593
66
589
975
490
742
379
936
807
834
244
820
791
298
457
606
157
892
61
718
321
176
256
668
348
133
853
179
241
241
390
987
638
516
15
571
154
530
152
705
577
955
219
223
354
713
790
164
73
813
691
124
801
455
562
318
57
88
880
928
599
445
152
952
731
66
880
809
98
129
479
808
738
166
675
203
765
544
55
925
903
830
145
176
530
307
929
431
977
215
725
791
289
188
489
722
251
786
332
359
6
487
567
385
129
31
638
514
382
307
705
524
474
185
52
644
329
712
753
668
599
110
424
372
945
953
485
84
562
302
743
88
529
497
273
559
208
585
97
226
783
327
502
622
327
195
783
158
355
499
159
817
520
706
676
419
765
488
6
162
413
339
77
120
217
458
171
239
499
18
720
350
366
159
77
271
793
41
96
193
906
408
254
25
279
85
142
689
135
246
370
570
504
989
425
563
673
855
880
357
359
12
239
218
990
144
799
722
733
853
353
130
692
322
778
569
681
748
442
800
517
87
964
782
86
896
448
525
13
83
596
740
584
341
985
986
322
429
722
300
582
684
951
83
355
677
487
445
217
866
204
630
410
197
472
211
379
696
870
930
105
42
788
649
289
175
444
530
408
418
81
64
705
825
678
394
629
318
210
384
732
173
872
622
921
54
3
796
668
89
175
607
738
793
10
184
871
999
178
303
579
636
672
316
577
546
681
73
636
360
62
271
21
824
505
820
888
118
872
814
213
631
230
359
570
651
204
948
349
777
551
916
294
478
275
114
755
642
854
486
766
95
559
166
433
318
229
356
426
920
235
741
785
622
833
142
86
605
334
458
87
129
825
108
159
565
175
694
27
405
103
228
862
424
426
432
812
453
838
755
739
368
729
276
949
433
50
504
666
858
211
526
251
171
858
389
329
740
559
269
404
294
817
71
575
862
537
122
921
679
648
539
62
371
308
240
276
454
429
721
194
879
494
315
874
899
136
931
208
23
368
299
2
730
976
740
575
838
490
112
620
497
97
882
625
452
746
517
827
175
248
325
618
814
990
966
434
997
636
376
608
155
781
444
2
406
47
933
489
747
377
957
690
256
803
723
871
984
31
870
213
433
197
609
919
638
60
667
87
132
733
201
308
36
393
579
848
140
347
72
536
761
408
630
831
334
811
186
756
450
13
272
631
440
130
704
27
192
454
37
293
86
102
395
842
924
795
900
583
425
72
160
546
749
525
439
718
328
997
451
180
582
314
287
420
841
761
46
43
915
783
625
406
549
786
873
325
425
660
741
75
161
978
256
474
539
668
827
51
321
173
219
507
641
937
318
833
94
190
247
108
864
355
827
473
223
222
439
641
823
418
416
969
616
829
719
844
941
439
711
731
623
190
572
501
86
623
26
257
715
103
223
624
485
943
326
224
694
750
721
898
425
784
490
933
506
100
158
100
473
156
878
194
13
445
676
534
466
319
438
73
182
6
26
380
269
678
87
927
927
453
779
828
35
939
830
338
667
509
650
118
595
510
742
283
975
30
686
450
216
741
400
373
466
96
117
781
389
828
497
